a_s = 2.1e-09
baryon_fraction = 0.18035847647498135
cs2_de = 1.0
h0 = 0.675
hubble = 67.5
k = -0.0
k_s = 0.05000000074505806
massive_nu = 1
massless_nu = 2.046
n_run = 0.0
n_s = 0.965
ombh2 = 0.022006687500000007
omch2 = 0.0993941875
omega_b = 0.0483
omega_c = 0.21814910836762685
omega_k = 0.0
omega_lambda = 0.7322
omega_m = 0.2678
omega_nu = 0.0013508916323731138
ommh2 = 0.12201637500000001
omnuh2 = 0.0006155
r_t = 0.0
sigma_8 = 0.7199018641347902
sterile_neutrino = 0
tau = 0.08
w = -1.0
wa = 0.0
yhe = 0.245341
